-0.052338 0.029907 -0.074768 370440503
0.037384 -0.014954 0.000000 19970
0.142059 -0.029907 0.014954 20015
-0.052338 -0.029907 0.127106 20005
0.082245 -0.059814 0.044861 19990
0.112152 -0.059814 0.029907 20000
0.007477 -0.059814 0.074768 20005
0.119629 -0.022430 0.097198 19990
0.044861 -0.127106 0.059814 20001
0.044861 -0.201874 0.089722 19989
0.104675 -0.022430 0.179443 19995
0.112152 0.097198 0.097198 20000
0.044861 -0.059814 0.074768 19990
-0.022430 0.014954 0.029907 20010
0.044861 -0.014954 0.044861 19955
0.089722 0.059814 0.097198 20000
0.074768 -0.112152 0.089722 20005
-0.007477 0.007477 -0.014954 19985
0.074768 0.097198 0.000000 19985
0.029907 -0.022430 0.074768 20020
0.157013 -0.134583 0.082245 19995
0.014954 -0.007477 0.134583 20010
0.112152 -0.074768 0.044861 19980
-0.022430 -0.074768 0.164490 19975
0.044861 -0.052338 0.000000 19985
-0.007477 0.067291 0.074768 20020
-0.014954 -0.022430 0.097198 19965
-0.007477 0.089722 0.209351 20000
0.000000 -0.112152 0.007477 20005
0.142059 -0.037384 0.134583 19980
-0.037384 -0.209351 -0.089722 19960
0.044861 -0.029907 0.022430 19995
0.082245 -0.134583 0.097198 20005
0.052338 0.014954 -0.029907 19990
0.471039 -0.059814 0.157013 20000
0.037384 -0.022430 0.134583 19980
0.254211 -0.067291 0.014954 20010
0.343933 0.052338 0.059814 19950
0.186920 -0.007477 0.119629 19995
0.314026 -0.119629 0.149536 20015
0.426178 -0.157013 0.284119 19990
0.351410 -0.112152 0.351410 19950
0.545807 -0.171967 2.586975 20030
0.620575 0.007477 14.916229 19965
0.553284 0.186920 29.824982 20020
1.046753 -0.022430 6.549683 20080
0.157013 -0.201874 0.037384 19975
0.478516 0.037384 -0.089722 20020
0.366364 -0.224304 -0.104675 20005
0.867310 -0.418701 -0.485992 19975
0.246735 -0.358887 -2.646790 20035
-0.381317 -0.351410 -7.222595 19985
0.366364 -0.186920 -6.325378 20005
0.239258 0.029907 -1.914062 20015
0.448608 0.089722 -1.689758 19980
0.463562 -0.119629 -4.658051 19990
0.014954 -0.321503 -18.086395 20040
-1.338348 -0.261688 -30.467987 19985
-1.547699 -0.067291 -38.363495 19990
-1.547699 0.014954 -39.597168 20035
-0.934601 -0.493469 -38.886871 20035
-0.545807 -0.471039 -42.071991 19985
0.366364 -0.201874 -36.494293 20045
0.755157 -0.029907 -26.826782 19955
0.680389 -0.059814 -21.996765 20045
-0.216827 -0.418701 -29.024963 20000
-0.964508 -0.179443 -33.683014 19905
-0.882263 -0.067291 -27.626801 20095
-0.680389 -0.246735 -26.221161 19965
-1.330872 -0.687866 -36.277466 20000
-1.532745 -0.859833 -49.832916 19950
-1.465454 -0.770111 -65.564117 20045
-1.816864 -0.538330 -71.216583 19915
-2.041168 -0.620575 -75.568085 20195
-0.695343 -0.687866 -82.566376 20230
-1.188812 -0.807495 -84.600067 19890
-1.824341 -0.396271 -79.381256 20180
-1.069183 -0.269165 -68.442688 20080
-0.246735 -0.231781 -66.050110 20015
0.590668 -0.082245 -74.267120 20000
0.508423 -0.657959 -84.637451 20060
-0.650482 -0.328979 -94.379730 20065
-0.807495 -0.134583 -102.200470 19945
-0.014954 -0.104675 -93.190918 20070
1.869202 -0.680389 -89.856262 20125
3.192596 -0.934601 -91.000214 20005
-1.390686 -1.674805 -89.609528 20000
-1.629944 -1.173859 -76.360626 20025
3.588867 -0.164490 -60.532227 20030
1.614990 1.166382 -59.448090 19870
2.684174 1.061707 -52.554474 20015
-0.216827 0.112152 -62.393951 19970
-0.216827 -0.545807 -64.696808 19895
0.194397 -0.164490 -66.663208 20055
0.007477 -1.024323 -68.233337 20060
-2.033691 -0.478516 -71.612854 19845
-4.022522 -0.029907 -71.799774 19955
-3.932800 -0.904694 -88.884277 20000
-5.734711 -0.643005 -109.946442 20050
-1.809387 -0.448608 -105.505219 19910
-1.001892 -0.246735 -78.117676 20210
-2.063599 -0.426178 -62.199554 19890
0.373840 -0.246735 -60.846252 19855
1.443024 -1.435547 -67.754822 19920
3.192596 -1.398163 -70.670776 19960
1.607513 -2.115936 -67.844543 19820
0.912170 -0.657959 -57.272339 19760
-1.884155 -0.456085 -44.696350 20000
-9.742279 -1.973877 -44.457092 19960
-6.564636 -1.495361 -55.500336 19940
-4.560852 -0.710297 -47.343140 19795
-1.540222 0.343933 -28.905334 19920
-0.755157 -0.201874 -18.579865 19995
-1.607513 -0.306549 -18.751831 20980
-1.487885 0.239258 -11.200256 19755
-2.257996 0.186920 -4.852448 19805
-1.936493 0.014954 -8.239441 19870
-2.018738 -0.254211 -13.869476 19960
-0.478516 -0.239258 -17.450867 19960
-0.171967 -0.321503 -13.817139 20000
-1.046753 -0.291595 -1.114044 20040
-0.523376 -0.224304 -0.583191 19975
0.665436 -0.493469 -2.482300 19920
0.717773 -1.338348 -14.931183 19970
-0.336456 -1.024323 -11.977844 19985
-0.635529 -0.800018 -14.340515 19945
-0.949554 -0.971985 -13.876953 19965
0.822449 -1.510315 -17.301331 19985
0.822449 -1.405640 -32.023163 20070
-0.822449 -0.403748 -16.523743 19995
-1.794434 -0.276642 -5.099182 19940
-2.220612 -0.971985 -13.989105 20195
-0.725250 -1.383209 -29.630585 20025
-0.545807 -1.031799 -16.105042 19890
-0.097198 -0.844879 -4.306641 19930
0.650482 -0.471039 -12.112427 19910
-0.149536 -1.256104 -18.078918 19970
0.082245 -1.286011 -22.699585 19970
-1.457977 -1.824341 -16.568604 19950
-1.472931 -1.457977 -2.512207 20005
-0.328979 -0.291595 1.300964 19960
1.398163 0.104675 1.958923 20160
2.071075 -1.390686 3.656158 19170
1.749573 -4.336548 11.364746 20125
3.282318 -5.495453 25.705261 19985
0.620575 0.403748 24.075317 20355
0.284119 0.680389 -1.450500 20020
-0.732727 3.850555 -1.091614 20030
0.755157 1.562653 -0.134583 19985
1.510315 1.031799 1.614990 19995
1.757050 0.538330 3.461761 20010
1.196289 0.800018 4.471130 19990
0.000000 -0.500946 2.669220 19975
-1.114044 -0.209351 -0.067291 19990
-0.837402 -0.343933 0.246735 19985
0.358887 -0.590668 0.867310 19990
0.747681 -0.755157 0.927124 19975
0.568237 -0.515900 0.284119 19965
0.471039 -0.022430 0.171967 19980
0.396271 -0.127106 0.216827 20015
0.269165 -0.770111 0.448608 19965
-1.293488 -1.181335 0.014954 20040
-0.650482 -0.710297 -0.747681 19970
0.216827 -0.702820 -4.777679 19990
1.158905 -0.717773 -9.091797 20005
0.889740 -0.575714 -3.820648 19970
1.345825 -0.471039 -6.041260 20015
0.829926 -0.463562 -0.478516 20000
0.672913 -0.740204 -0.710297 20000
0.261688 -1.114044 -4.104767 19995
0.299072 -0.710297 -3.551483 19985
-0.523376 -0.829926 -3.917847 20010
0.284119 -0.740204 -8.680573 19805
1.076660 -0.314026 -3.072968 19785
2.654266 -0.530853 0.059814 20385
1.921539 -0.904694 0.590668 20045
0.463562 -1.801910 0.560760 20010
-0.216827 -0.605621 0.500946 19955
-0.179443 -0.112152 0.515900 20050
-0.104675 0.568237 0.149536 20015
0.628052 0.284119 0.157013 19945
0.672913 0.000000 0.553284 19970
0.074768 0.186920 0.388794 20005
-0.441132 0.067291 0.052338 19995
-0.104675 -0.082245 -0.044861 20000
0.785065 -0.508423 0.029907 19995
0.650482 -0.643005 0.351410 19990
0.590668 -0.643005 0.575714 19995
0.276642 -0.209351 0.381317 19995
0.433655 0.097198 0.224304 20000
-0.067291 -0.157013 -0.052338 19980
-0.261688 -0.209351 -0.194397 19980
-0.179443 -0.463562 -0.097198 19995
-0.194397 -0.448608 0.007477 19990
0.418701 -0.463562 0.246735 19995
0.762634 -0.478516 0.328979 19985
0.396271 -0.478516 0.134583 19980
0.441132 -0.112152 0.216827 20005
0.179443 -0.306549 0.171967 20020
0.097198 -0.314026 0.231781 19965
-0.119629 -0.089722 0.164490 20010
-0.142059 -0.426178 0.142059 20045
0.239258 -0.089722 -0.044861 19340
0.112152 0.149536 0.194397 20145
0.478516 0.097198 0.201874 20005
0.142059 -0.343933 0.014954 20115
0.254211 -0.411224 -0.007477 3445
-0.082245 -0.044861 -0.044861 17185
-0.164490 -0.059814 0.014954 19920
